SIGNIFICANT TEMPERATURE AND HUMIDITY LEVELS
-------------------------------------------
          Press           Temp             DP         RelHum        GPM_AGL         WSpeed          WDirn        FltTime         Ascent   Type
            hPa             °C             °C              %              m            kts              °              s          m/min
---------------------------------------------------------------------------------------------------------------------------------------
         991.94         -28.37          -35.4          51.20            0.0          18.00         270.00            0.0              0   T+H
         990.55         -28.97          -59.4           3.74           10.1          15.52         259.31            1.0            384   H
         982.20         -29.91          -36.9          50.56           70.4          16.80         264.96           11.0            346   H
         921.26         -34.12          -38.6          63.98          522.3          28.42         274.21           90.0            398   H
         903.21         -35.01          -42.0          49.10          660.5          31.44         286.73          111.0            377   T
         896.16         -33.64          -43.2          37.62          715.3          31.32         293.82          120.0            360   H
         885.02         -31.01          -35.4          65.43          803.4          29.16         308.19          135.0            349   H
         870.00         -29.45          -33.5          67.71          925.1          26.56         322.89          156.0            357   T
         851.26         -30.48          -33.7          73.10         1080.2          25.89         324.30          181.0            376   H
         837.14         -31.44          -34.8          72.00         1198.8          27.11         318.29          200.0            371   T
         836.40         -31.42          -34.9          71.62         1205.0          27.23         318.15          201.0            372   H
         825.57         -30.51          -39.9          39.68         1297.5          29.81         319.93          216.0            379   H
         804.40         -29.66          -36.6          51.02         1482.3          36.57         330.73          244.0            396   T
         711.60         -34.86          -41.6          50.34         2347.6          39.94         336.52          379.0            385   H
         698.69         -35.65          -44.1          41.61         2475.1          40.09         334.72          399.0            364   T
         583.45         -37.28          -53.4          17.34         3722.7          53.47         317.88          593.0            400   T
         518.47         -41.68          -57.6          16.49         4530.6          61.76         308.52          713.0            390   T
         459.54         -41.61          -64.1           7.12         5346.8          60.06         297.79          846.0            385   T
         455.63         -41.90          -64.9           6.67         5404.7          60.04         296.19          855.0            389   H
         371.96         -46.30          -71.2           4.51         6764.3          72.92         284.52         1046.0            482   T
         296.29         -43.67          -75.4           1.85         8284.1          80.29         281.21         1249.0            468   T
         219.23         -44.40          -78.0           1.36        10302.2          70.88         266.64         1502.0            443   T
         198.82         -47.54          -79.2           1.58        10952.6          79.05         265.18         1591.0            563   T
         161.62         -48.91          -81.4           1.30        12318.5          75.68         265.06         1811.0            340   T
         143.82         -47.78          -81.2           1.19        13086.5          74.97         266.25         1944.0            384   T
         138.26         -49.35          -82.2           1.21        13345.7          79.51         261.58         1981.0            320   T
         122.95         -49.85          -82.7           1.19        14113.5          61.23         270.21         2095.0            398   T
         114.52         -52.28          -84.4           1.20        14575.4          71.38         267.15         2164.0            391   T
         113.27         -50.91          -83.4           1.20        14646.9          69.40         268.35         2175.0            399   T
         100.59         -52.43          -84.4           1.20        15415.4          58.72         268.23         2296.0            374   T
          94.26         -50.29          -84.1           0.64        15836.9          52.73         264.40         2366.0            388   T
          85.23         -54.24          -85.7           1.21        16489.1          58.80         241.82         2456.0           -119   T+H

SIGNIFICANT WIND SPEED AND DIRECTION LEVELS
-------------------------------------------
          Press           Temp             DP         RelHum        GPM_AGL         WSpeed          WDirn        FltTime         Ascent   Type
            hPa             °C             °C              %              m            kts              °              s          m/min
---------------------------------------------------------------------------------------------------------------------------------------
         991.94         -28.37          -35.4          51.20            0.0          18.00         270.00            0.0              0   S+D
         990.55         -28.97          -59.4           3.74           10.1          15.52         259.31            1.0            384   D
         923.01         -34.09          -38.6          63.82          509.0          27.95         273.33           88.0            395   D
         867.11         -29.48          -33.5          68.27          948.8          26.16         324.16          160.0            363   D
         758.47         -31.85          -38.9          49.75         1899.1          43.62         336.79          308.0            389   S
         730.35         -33.22          -40.8          46.88         2165.5          39.65         338.48          350.0            376   D
         380.24         -45.35          -71.5           3.91         6617.8          69.90         284.41         1027.0            457   D
         313.05         -44.54          -74.5           2.32         7915.0          84.47         282.47         1201.0            433   S
         222.46         -44.54          -80.1           0.95        10204.4          69.99         267.48         1490.0            524   S
         180.82         -47.76          -80.1           1.42        11579.9          70.55         260.08         1682.0            353   D
         135.90         -49.49          -82.4           1.20        13458.4          79.92         261.68         2002.0            332   S
         125.08         -50.45          -83.0           1.21        14001.6          59.36         271.77         2078.0            449   S
         117.44         -50.93          -83.4           1.20        14412.3          72.69         265.54         2140.0            412   S
          97.14         -51.54          -83.8           1.20        15641.4          58.04         271.08         2334.0            349   D
          92.22         -50.74          -83.7           1.12        15979.5          49.67         256.43         2389.0            387   S
          85.23         -54.24          -85.7           1.21        16489.1          58.80         241.82         2456.0           -119   S+D
