SIGNIFICANT TEMPERATURE AND HUMIDITY LEVELS
-------------------------------------------
          Press           Temp             DP         RelHum        GPM_AGL         WSpeed          WDirn           Time         Ascent   Type
            hPa             °C             °C              %              m            kts              °              s          m/min
---------------------------------------------------------------------------------------------------------------------------------------
         995.62          +4.00           -6.0          48.00            0.0            7.0              0            0.0              0   T+H
         993.01          +1.90           -7.9          48.31           26.8            6.1            181            8.0            247   T
         985.01          +0.65           -8.0          52.39           94.5            6.3            184           23.0            257   T
         926.90          -3.38           -9.5          62.59          569.5           13.1            185          144.0            250   H
         924.94          -3.45           -9.8          61.62          586.3           13.0            187          148.0            251   T
         918.98          -3.30          -11.2          54.39          637.1           12.9            192          160.0            256   T
         907.19          +0.44          -29.3           8.62          738.9           10.8            202          185.0            215   H
         906.78          +0.58          -30.1           7.90          742.5           10.7            202          186.0            212   T
         895.02          +1.36          -32.7           5.83          846.2            8.7            233          221.0            174   H
         892.07          +1.88          -29.9           7.36          873.0            9.1            241          230.0            181   T
         868.13          +2.01          -26.5          10.03         1091.5           13.6            255          308.0            156   H
         856.52          +2.03           -3.5          66.69         1198.6           13.0            256          349.0            161   H
         852.73          +2.37           -7.6          47.71         1234.1           13.0            257          362.0            166   H
         844.72          +2.70           -1.4          74.49         1310.4           13.9            259          389.0            172   H
         842.63          +2.78           -1.9          71.51         1330.4           14.2            258          396.0            173   T
         786.32          -0.30           -3.5          78.81         1884.8           16.2            255          581.0            188   H
         763.87          -1.74          -12.2          44.70         2115.3           19.5            263          655.0            189   T
         762.07          -1.73          -13.2          41.16         2134.2           20.3            264          661.0            189   H
         739.50          -2.29           -5.1          81.19         2372.4           22.4            264          739.0            182   H
         728.88          -2.38           -5.8          77.34         2485.0           19.5            266          777.0            173   T
         660.83          -8.72           -9.5          93.82         3257.5           18.3            267          974.0            319   H
         646.52         -10.12          -11.4          90.19         3423.6           18.1            252         1007.0            259   T
         626.40          -6.95          -15.5          50.44         3668.3           18.9            244         1071.0            244   H
         621.91          -6.42          -15.3          49.43         3723.8           19.6            241         1085.0            233   T
         602.85          -7.29          -19.0          38.71         3961.8           22.8            241         1159.0            176   T
         589.55          -8.31          -20.7          36.08         4133.9           21.7            247         1217.0            178   H
         479.82         -19.11          -30.6          35.69         5682.6           40.8            255         1695.0            194   T
         445.39         -21.40          -37.7          21.59         6231.3           50.8            257         1858.0            228   T
         431.61         -23.39          -39.6          21.18         6456.8           55.5            260         1926.0            192   H
         423.97         -24.50          -33.3          43.94         6586.6           55.8            262         1966.0            200   H
         403.98         -27.64          -37.4          38.89         6931.4           57.2            260         2053.0            226   H
         380.20         -30.49          -34.3          69.62         7363.0           61.4            261         2173.0            207   H
         342.02         -36.62          -41.1          63.18         8093.9           68.5            261         2384.0            211   H
         337.44         -37.41          -44.0          50.60         8187.3           69.8            264         2411.0            205   T
         332.45         -37.67          -50.7          24.75         8290.3           73.2            266         2441.0            207   H
         314.44         -39.71          -55.4          17.43         8664.8           80.4            265         2553.0            211   T+H

SIGNIFICANT WIND SPEED AND DIRECTION LEVELS
-------------------------------------------
          Press           Temp             DP         RelHum        GPM_AGL         WSpeed          WDirn           Time         Ascent   Type
            hPa             °C             °C              %              m            kts              °              s          m/min
---------------------------------------------------------------------------------------------------------------------------------------
         995.62          +4.00           -6.0          48.00            0.0            7.0              0            0.0              0   S+D
         944.95          -2.26           -8.3          63.05          416.7            9.7            180          106.0            230   D
         908.90          -0.56          -21.5          18.85          724.0           11.3            199          181.0            226   D
         880.18          +1.99          -25.0          11.50          980.3           12.0            257          266.0            165   D
         748.95          -1.57           -7.2          65.37         2272.6           24.9            264          706.0            180   S
         668.82          -8.10           -9.1          92.24         3164.3           18.2            271          956.0            304   D
         612.10          -7.00          -17.3          43.77         3845.0           21.7            238         1120.0            189   D
         582.18          -9.01          -21.5          35.64         4230.3           21.7            252         1250.0            173   S
         574.32          -9.70          -22.4          34.69         4334.5           23.3            257         1286.0            181   D
         554.29         -11.76          -23.7          36.41         4605.0           27.6            243         1362.0            173   D
         314.44         -39.71          -55.4          17.43         8664.8           80.4            265         2553.0            211   S+D
