SIGNIFICANT TEMPERATURE AND HUMIDITY LEVELS
-------------------------------------------
          Press           Temp             DP         RelHum        GPM_AGL         WSpeed          WDirn           Time         Ascent   Type
            hPa             °C             °C              %              m            kts              °              s          m/min
---------------------------------------------------------------------------------------------------------------------------------------
         987.88          +0.30           -1.0          91.00            0.0            4.0            200            0.0              0   T+H
         984.97          -1.41           -3.2          87.59           28.5            6.1            296            6.0            297   T
         950.30          -3.40           -3.8          96.83          315.3           12.3            260           62.0            306   T
         918.29          -1.92           -2.2          97.72          586.7           24.2            264          116.0            306   T
         738.03          -5.27           -5.7          96.76         2307.0           50.9            246          439.0            315   T
         637.36         -10.65          -11.8          91.01         3442.4           60.6            261          648.0            342   T
         423.06         -32.84          -34.2          87.21         6422.1           70.2            260         1125.0            388   H
         350.70         -43.33          -47.9          60.52         7699.8           85.4            261         1379.0            319   H
         336.64         -45.84          -54.2          38.42         7971.1           86.8            264         1428.0            305   T
         330.77         -46.31          -58.2          25.04         8087.9           87.3            264         1453.0            267   H
         265.20         -56.35          -61.0          56.14         9501.9          104.5            265         1761.0            277   H
         254.74         -58.38          -64.9          43.40         9753.2          102.0            266         1819.0            272   T
         187.97         -62.62          -74.1          20.60        11615.4          113.6            268         2249.0            267   T
         178.43         -62.36          -76.2          14.78        11931.4          106.6            266         2322.0            255   T
         175.46         -61.38          -76.3          12.74        12033.0          104.1            264         2346.0            255   H
         171.48         -60.31          -74.6          14.26        12172.7          101.3            263         2378.0            275   T
         164.77         -62.31          -77.2          12.65        12415.2          104.5            261         2429.0            282   T
         155.27         -61.55          -76.5          12.62        12775.1          100.3            267         2506.0            281   T
         143.19         -63.47          -80.1           9.32        13257.5           93.7            267         2616.0            248   T
         127.34         -63.44          -77.8          13.34        13964.5           95.5            262         2789.0            275   T
         117.68         -65.53          -80.4          11.82        14429.6           95.5            269         2887.0            284   T
         102.50         -65.52          -80.5          11.56        15241.8           95.0            269         3056.0            314   T
          80.98         -69.61          -82.5          14.64        16611.1           88.6            270         3338.0            266   T
          60.36         -68.29          -85.4           7.63        18283.2          100.9            274         3697.0             -8   T+H

SIGNIFICANT WIND SPEED AND DIRECTION LEVELS
-------------------------------------------
          Press           Temp             DP         RelHum        GPM_AGL         WSpeed          WDirn           Time         Ascent   Type
            hPa             °C             °C              %              m            kts              °              s          m/min
---------------------------------------------------------------------------------------------------------------------------------------
         987.88          +0.30           -1.0          91.00            0.0            4.0            200            0.0              0   S+D
         957.06          -3.03           -3.6          96.17          259.3            9.8            266           51.0            308   D
         897.35          -2.10           -2.4          98.01          769.5           29.8            261          151.0            315   S
         843.22          -3.35           -3.8          96.48         1261.6           30.4            257          244.0            334   D
         782.28          -4.48           -4.7          98.09         1850.7           35.7            235          351.0            321   D
         733.56          -5.41           -5.9          96.62         2354.4           51.7            247          448.0            318   S
         601.38         -13.53          -14.9          89.01         3885.5           51.6            266          721.0            367   D
         475.35         -26.10          -27.5          88.23         5614.0           54.5            264          997.0            371   S
         387.76         -37.49          -39.5          81.20         7023.4           80.3            262         1228.0            260   S
         247.67         -58.42          -65.3          41.48         9928.5          100.0            263         1856.0            289   S
         220.89         -61.07          -68.8          36.24        10632.4          122.0            266         2015.0            242   S
         147.21         -62.58          -78.3          11.07        13093.9           92.7            269         2577.0            256   S
          60.36         -68.29          -85.4           7.63        18283.2          100.9            274         3697.0             -8   S+D
