SIGNIFICANT TEMPERATURE AND HUMIDITY LEVELS
-------------------------------------------
          Press           Temp             DP         RelHum        GPM_AGL         WSpeed          WDirn           Time         Ascent   Type
            hPa             °C             °C              %              m            kts              °              s          m/min
---------------------------------------------------------------------------------------------------------------------------------------
         993.60          +4.11           -5.1          51.00            0.0            5.0            265            0.0              0   T+H
         993.41          +2.56           -5.0          57.53           12.2            4.2            233            3.0            194   T
         990.21          +1.57           -6.1          56.50           42.0            4.7            232           13.0            193   T
         981.01          +0.46           -5.8          62.70          113.0            5.6            230           33.0            227   T
         874.32          -7.72           -8.3          95.81         1013.5            7.5            277          241.0            262   H
         863.29          -8.45           -9.2          94.58         1111.5           11.0            287          264.0            238   T
         861.52          -8.29           -8.9          95.18         1127.2           11.6            286          268.0            229   H
         856.45          -4.69           -8.0          77.55         1173.0           13.9            289          281.0            189   T
         849.38          -3.87          -12.0          53.36         1238.2           16.9            292          305.0            162   H
         843.73          -2.87          -12.2          48.47         1290.8           17.9            293          324.0            166   T
         829.74          -3.39          -18.5          30.11         1421.7           19.4            297          375.0            149   H
         802.13          -4.63          -15.3          43.04         1686.8           22.4            282          479.0            151   T
         796.98          -4.38          -14.0          46.97         1737.1           24.5            281          499.0            152   H
         785.75          -2.01          -20.6          22.62         1848.6           25.7            283          543.0            152   H
         784.24          -1.82          -20.3          22.96         1863.8           25.4            284          549.0            152   T
         696.75          -6.61          -19.0          36.57         2783.1           33.6            285          912.0            140   T
         683.87          -6.73          -18.1          39.81         2931.0           36.1            284          975.0            147   H
         653.28          -6.97          -20.8          32.39         3286.6           31.0            279         1115.0            158   T
         580.65         -11.67          -29.4          21.60         4193.3           41.6            288         1453.0            145   T
         483.22         -21.67          -36.6          24.69         5558.1           51.8            294         2003.0            158   H
         422.66         -28.08          -36.3          45.56         6514.9           68.5            288         2365.0            154   T
         378.32         -31.62          -35.8          66.47         7295.0           91.0            274         2656.0            155   H
         352.56         -34.09          -40.5          52.27         7786.0          114.6            276         2832.0            162   T
         314.21         -35.22          -42.8          46.06         8579.3          140.9            265         3081.0            169   T
         275.35         -42.25          -51.4          36.35         9466.0          148.3            265         3418.0            163   T+H

SIGNIFICANT WIND SPEED AND DIRECTION LEVELS
-------------------------------------------
          Press           Temp             DP         RelHum        GPM_AGL         WSpeed          WDirn           Time         Ascent   Type
            hPa             °C             °C              %              m            kts              °              s          m/min
---------------------------------------------------------------------------------------------------------------------------------------
         993.60          +4.11           -5.1          51.00            0.0            5.0            265            0.0              0   S+D
         828.69          -3.46          -18.4          30.39         1431.8           19.5            297          379.0            151   D
         798.01          -4.47          -14.7          44.83         1727.0           24.2            281          495.0            151   D
         724.91          -4.91          -21.7          25.42         2481.6           31.3            294          787.0            159   D
         643.94          -7.75          -21.3          32.99         3398.1           32.2            276         1157.0            159   D
         536.75         -15.92          -27.8          35.43         4783.5           52.6            298         1696.0            147   D
         462.77         -23.66          -33.9          38.56         5872.0           55.7            288         2122.0            158   S
         350.05         -33.68          -40.1          52.69         7836.3          117.6            276         2851.0            158   S
         343.02         -34.46          -41.2          50.53         7977.1          111.2            274         2905.0            155   S
         319.69         -35.33          -41.1          55.79         8462.2          140.3            266         3040.0            181   S
         275.35         -42.25          -51.4          36.35         9466.0          148.3            265         3418.0            163   S+D
