SIGNIFICANT TEMPERATURE AND HUMIDITY LEVELS
-------------------------------------------
          Press           Temp             DP         RelHum        GPM_AGL         WSpeed          WDirn           Time         Ascent   Type
            hPa             °C             °C              %              m            kts              °              s          m/min
---------------------------------------------------------------------------------------------------------------------------------------
         982.00         +25.50          +19.4          69.00            0.0           12.0            180            0.0              0   T+H
         930.95         +20.13          +17.3          83.97          465.5           14.8            224           85.0            351   T
         921.14         +19.57          +16.7          83.63          557.0           16.6            228          101.0            340   H
         858.25         +16.92           +7.7          54.41         1164.5           26.5            240          210.0            342   H
         838.27         +15.81           +8.8          62.94         1365.0           29.0            233          244.0            377   T
         689.92          +3.41           +3.0          97.44         2984.1           39.8            214          512.0            375   H
         684.61          +2.74           +0.9          87.47         3046.7           37.8            215          522.0            361   T
         683.09          +2.68           +0.4          84.80         3064.7           37.1            216          525.0            354   H
         681.17          +2.80           -5.3          55.28         3087.6           36.4            217          529.0            344   H
         675.66          +5.03          -10.0          32.75         3153.6           33.7            220          541.0            328   H
         675.22          +5.15          -10.0          32.49         3159.0           33.5            221          542.0            328   T
         662.63          +5.60          -36.8           2.89         3312.3           30.6            233          570.0            324   H
         659.57          +5.66          -32.3           4.47         3350.1           30.8            236          577.0            316   T
         592.04          -1.49          -35.2           5.64         4221.0           30.2            233          768.0            257   T
         545.37          -4.40          -37.3           5.67         4870.8           39.3            242          897.0            360   T+H

SIGNIFICANT WIND SPEED AND DIRECTION LEVELS
-------------------------------------------
          Press           Temp             DP         RelHum        GPM_AGL         WSpeed          WDirn           Time         Ascent   Type
            hPa             °C             °C              %              m            kts              °              s          m/min
---------------------------------------------------------------------------------------------------------------------------------------
         982.00         +25.50          +19.4          69.00            0.0           12.0            180            0.0              0   S+D
         980.00         +24.76          +18.7          69.21           18.0           13.2            204            1.0            443   D
         875.75         +17.90          +10.5          61.79          992.1           24.9            241          180.0            340   D
         793.63         +12.26           +7.1          70.89         1827.0           34.1            217          321.0            331   D
         707.17          +5.01           +4.1          94.06         2782.7           40.8            213          481.0            413   S
         701.81          +4.46           +3.9          96.45         2844.9           40.9            213          490.0            401   D
         651.03          +4.91          -32.7           4.57         3456.4           31.3            240          598.0            301   D
         607.16          +0.26          -35.1           5.03         4020.0           28.5            233          725.0            274   S
         573.00          -2.63          -38.9           4.22         4480.6           31.6            226          827.0            287   D
         545.37          -4.40          -37.3           5.67         4870.8           39.3            242          897.0            360   S+D
