SIGNIFICANT TEMPERATURE AND HUMIDITY LEVELS
-------------------------------------------
          Press           Temp             DP         RelHum        GPM_AGL         WSpeed          WDirn        FltTime         Ascent   Type
            hPa             °C             °C              %              m            kts              °              s          m/min
---------------------------------------------------------------------------------------------------------------------------------------
         971.63          +0.97           -0.6          89.50            0.0          11.00         200.00            0.0              0   T+H
         839.36          -4.22           -4.9          95.19         1164.1          32.55         245.08          226.0            310   T
         748.35          -5.87           -7.3          89.85         2067.9          42.63         237.17          393.0            342   T
         645.59         -13.20          -15.3          83.99         3208.7          48.66         246.88          587.0            364   T
         631.54         -13.10          -15.3          83.55         3376.5          48.83         241.79          615.0            360   T
         376.25         -41.22          -45.6          62.80         7113.0          88.28         237.00         1183.0            434   H
         338.12         -47.08          -49.2          79.28         7829.4          94.98         235.17         1281.0            471   H
         324.45         -49.65          -83.6           0.10         8100.8          93.36         236.33         1316.0            466   H
         291.36         -54.80          -75.1           6.81         8796.1          94.43         242.37         1409.0            451   T
         261.63         -55.84          -75.8           6.97         9482.5          77.43         232.81         1504.0            368   T
         227.45         -54.61          -69.6          14.63        10376.8          71.36         232.58         1647.0            313   T
         221.73         -52.03          -67.9          13.59        10540.6          75.61         232.22         1676.0            388   T
         199.61         -54.60          -69.2          15.36        11217.0          64.44         238.76         1790.0            322   T
         189.12         -52.93          -66.5          18.17        11564.0          62.22         242.12         1857.0            295   T
         174.17         -54.07          -67.2          19.07        12093.2          65.60         238.24         1965.0            306   T
         169.02         -52.52          -65.8          19.16        12286.8          61.99         243.53         2002.0            314   T
         154.31         -52.36          -65.8          18.70        12874.5          62.96         260.63         2111.0            323   T
         119.24         -56.39          -69.9          17.36        14527.5          57.20         241.93         2427.0            298   T
         105.90         -55.68          -67.7          21.52        15281.6          66.27         257.77         2569.0            328   H
         104.28         -55.24          -68.1          19.26        15379.9          63.95         258.85         2587.0            337   T
         101.79         -56.33          -69.1          19.23        15533.5          58.65         258.86         2614.0            331   T
          88.95         -55.03          -68.4          17.95        16390.7          49.53         272.81         2777.0            319   T
          73.88         -60.41          -72.3          20.23        17560.0          34.10         252.65         2973.0            352   H
          71.98         -61.10          -85.4           2.96        17722.2          36.25         255.51         3002.0            -25   T+H

SIGNIFICANT WIND SPEED AND DIRECTION LEVELS
-------------------------------------------
          Press           Temp             DP         RelHum        GPM_AGL         WSpeed          WDirn        FltTime         Ascent   Type
            hPa             °C             °C              %              m            kts              °              s          m/min
---------------------------------------------------------------------------------------------------------------------------------------
         971.63          +0.97           -0.6          89.50            0.0          11.00         200.00            0.0              0   S+D
         895.19          -2.14           -2.8          95.45          654.1          41.79         233.35          122.0            318   S
         864.12          -3.20           -4.1          93.36          934.5          37.41         247.07          180.0            292   D
         819.87          -4.00           -4.8          94.27         1349.6          26.21         248.15          262.0            311   S
         809.08          -3.81           -4.9          91.85         1454.2          30.69         250.09          282.0            315   D
         785.70          -4.50           -5.6          92.10         1685.5          40.72         241.49          325.0            326   S
         752.73          -5.99           -7.1          91.69         2022.1          41.33         236.24          385.0            346   D
         657.84         -12.25          -14.4          84.08         3065.3          46.29         248.84          563.0            350   D
         515.23         -23.37          -25.8          80.46         4897.1          58.14         222.10          862.0            393   D
         445.33         -32.06          -34.8          76.80         5945.4          63.01         224.52         1018.0            403   S
         342.93         -46.27          -48.6          77.65         7735.7          95.62         235.19         1269.0            445   S
         287.00         -55.03          -73.3           9.05         8892.4          95.14         243.27         1422.0            434   S
         284.47         -55.20          -72.4          10.50         8948.8          94.02         244.07         1430.0            431   D
         255.15         -55.52          -75.1           7.41         9642.3          78.05         231.30         1528.0            437   D
         234.88         -54.25          -72.2           9.71        10171.1          71.08         233.45         1613.0            413   S
         215.42         -52.93          -69.3          12.48        10727.3          78.34         234.80         1708.0            355   S
         193.66         -53.34          -66.9          18.10        11411.0          61.20         241.84         1827.0            322   S
         176.19         -54.05          -68.0          17.04        12019.5          67.04         237.05         1950.0            300   D
         159.67         -52.64          -65.7          19.52        12654.0          67.63         255.08         2070.0            324   S
         147.83         -52.74          -67.1          16.50        13151.2          59.81         263.91         2162.0            331   D
         135.57         -53.94          -66.9          19.33        13707.8          49.83         250.47         2268.0            310   S
         113.94         -56.55          -71.3          14.50        14816.4          59.25         240.07         2483.0            322   D
         106.17         -55.62          -68.2          19.89        15265.5          66.38         257.50         2566.0            326   S
          86.85         -55.73          -70.1          15.45        16543.0          49.20         275.80         2805.0            360   D
          80.97         -58.20          -71.5          17.20        16986.7          34.92         261.22         2873.0            352   S
          78.31         -59.34          -72.1          18.17        17196.9          37.27         250.34         2910.0            353   D
          71.98         -61.10          -85.4           2.96        17722.2          36.25         255.51         3002.0            -25   S+D
