SIGNIFICANT TEMPERATURE AND HUMIDITY LEVELS
-------------------------------------------
          Press           Temp             DP         RelHum        GPM_AGL         WSpeed          WDirn           Time         Ascent   Type
            hPa             °C             °C              %              m            kts              °              s          m/min
---------------------------------------------------------------------------------------------------------------------------------------
         993.70          +3.39           -6.0          50.00            0.0            5.0            265            0.0            0.0   T+H
         991.43          +1.65           -6.3          55.54           25.7            5.7            246            6.0          270.8   T
         982.51          +0.33           -6.3          61.03           98.7            5.6            242           22.0          261.6   T
         871.78          -8.05           -9.1          92.28         1041.7            8.8            281          219.0          312.9   H
         864.75          -8.63           -9.8          91.52         1107.3           11.0            286          232.0          282.8   T
         858.13          -4.47           -8.5          73.55         1167.6           13.2            290          246.0          231.0   T
         848.78          -3.05          -11.7          51.15         1248.7           16.9            292          271.0          182.7   T
         829.45          -3.72          -18.4          30.90         1430.1           18.3            295          332.0          171.0   H
         803.70          -4.89          -15.7          42.46         1667.8           21.0            284          415.0          179.8   T
         797.23          -4.53          -14.3          46.52         1730.9           23.6            281          436.0          181.6   H
         790.79          -2.27          -18.7          27.10         1794.2           25.7            282          457.0          180.7   T
         780.96          -2.23          -20.6          22.95         1892.1           25.3            285          490.0          177.9   H
         775.38          -2.29          -19.4          25.61         1948.4           25.3            287          509.0          180.4   T
         698.95          -6.95          -19.7          35.32         2758.2           32.6            287          779.0          175.1   T
         631.10          -8.42          -22.8          30.28         3551.1           33.3            279         1055.0          184.1   T
         453.83         -25.30          -35.0          39.95         6017.0           58.7            288         1873.0          178.4   T
         397.93         -29.91          -37.6          47.13         6943.7           86.6            282         2175.0          200.1   T+H

SIGNIFICANT WIND SPEED AND DIRECTION LEVELS
-------------------------------------------
          Press           Temp             DP         RelHum        GPM_AGL         WSpeed          WDirn           Time         Ascent   Type
            hPa             °C             °C              %              m            kts              °              s          m/min
---------------------------------------------------------------------------------------------------------------------------------------
         993.70          +3.39           -6.0          50.00            0.0            5.0            265            0.0            0.0   S+D
         826.12          -3.93          -17.5          34.12         1460.8           18.5            297          343.0          166.1   D
         796.93          -4.42          -14.2          46.33         1734.0           23.8            281          437.0          182.2   D
         722.95          -5.45          -21.0          28.14         2498.2           32.0            293          692.0          184.9   D
         643.84          -8.00          -21.5          32.86         3396.9           31.9            276         1005.0          183.6   D
         541.27         -16.14          -27.7          36.20         4719.6           50.9            298         1431.0          180.8   D
         524.65         -17.75          -28.9          37.33         4953.3           56.4            297         1511.0          164.4   S
         484.95         -21.99          -36.0          26.97         5534.2           49.4            294         1710.0          181.5   S
         397.93         -29.91          -37.6          47.13         6943.7           86.6            282         2175.0          200.1   S+D
