SIGNIFICANT TEMPERATURE AND HUMIDITY LEVELS
-------------------------------------------
          Press           Temp             DP         RelHum        GPM_AGL         WSpeed          WDirn        FltTime         Ascent   Type
            hPa             °C             °C              %              m            kts              °              s          m/min
---------------------------------------------------------------------------------------------------------------------------------------
         990.71         -26.74          -34.1          50.00            0.0          20.00         270.00            0.0              0   T+H
         988.78         -28.84          -40.2          32.83           14.0          20.09         276.24            1.0            354   T+H
         937.71         -32.51          -38.2          57.17          390.4          28.65         282.58           69.0            374   T
         926.89         -33.10          -38.5          58.76          472.1          28.55         284.81           82.0            379   H
         866.24         -35.15          -42.4          47.74          945.7          29.89         295.12          158.0            335   T
         824.23         -33.81          -44.3          34.11         1293.3          26.11         322.65          214.0            387   H
         797.91         -33.55          -43.1          38.04         1520.6          24.58         317.32          250.0            377   T
         698.16         -37.27          -44.0          49.77         2449.8          37.44         336.05          393.0            406   H
         641.20         -39.04          -47.4          40.86         3035.4          42.81         333.56          481.0            414   T
         600.52         -38.17          -52.5          21.11         3485.6          48.37         323.28          550.0            408   T
         551.79         -38.83          -57.9          11.83         4065.8          48.84         305.26          636.0            406   H
         447.56         -42.32          -64.8           7.00         5481.1          60.39         296.69          839.0            433   T
         410.71         -41.85          -67.0           4.96         6062.0          69.04         286.31          920.0            427   H
         400.01         -41.75          -66.9           5.00         6240.7          72.91         284.66          946.0            442   T
         361.18         -45.24          -70.6           4.39         6927.3          73.32         281.32         1036.0            470   T
         330.90         -42.29          -70.2           3.38         7515.5          79.69         280.07         1114.0            473   T
         306.24         -42.22          -71.5           2.78         8038.0          75.60         279.02         1183.0            455   T
         278.35         -43.67          -73.4           2.47         8681.8          75.83         279.41         1264.0            482   T
         267.90         -42.80          -73.3           2.28         8939.1          73.97         277.14         1300.0            423   T
         256.39         -44.59          -76.1           1.83         9233.9          75.88         277.08         1343.0            389   T
         211.48         -44.08          -76.9           1.54        10525.2          82.95         264.09         1546.0            365   T
         174.44         -48.03          -78.9           1.77        11805.2          79.29         262.40         1759.0            350   T
         153.99         -47.45          -78.8           1.67        12627.7          76.13         260.63         1908.0            353   T
         135.42         -49.92          -80.5           1.68        13473.3          74.30         257.21         2046.0            341   T
         114.81         -50.29          -81.0           1.64        14551.6          72.78         264.99         2226.0            382   T
         108.71         -52.91          -82.6           1.70        14905.8          61.78         265.09         2281.0            356   T
          87.66         -51.03          -81.7           1.60        16301.2          46.46         241.90         2532.0            -71   T+H

SIGNIFICANT WIND SPEED AND DIRECTION LEVELS
-------------------------------------------
          Press           Temp             DP         RelHum        GPM_AGL         WSpeed          WDirn        FltTime         Ascent   Type
            hPa             °C             °C              %              m            kts              °              s          m/min
---------------------------------------------------------------------------------------------------------------------------------------
         990.71         -26.74          -34.1          50.00            0.0          20.00         270.00            0.0              0   S+D
         875.72         -34.80          -41.8          48.85          869.8          30.13         289.40          145.0            370   D
         820.48         -33.98          -44.4          34.45         1325.3          25.47         324.39          219.0            384   D
         784.49         -33.94          -43.9          36.09         1639.4          27.37         312.93          269.0            382   D
         668.18         -37.73          -46.0          41.72         2752.2          41.65         336.04          439.0            389   D
         551.79         -38.83          -57.9          11.83         4065.8          48.84         305.26          636.0            406   D
         402.86         -41.69          -66.7           5.12         6192.7          72.00         284.77          939.0            415   D
         341.83         -43.20          -71.1           3.27         7296.7          81.04         278.47         1087.0            448   S
         208.43         -44.41          -75.5           1.96        10622.6          82.76         263.50         1562.0            361   D
         168.16         -48.16          -79.0           1.76        12047.2          81.62         263.56         1803.0            314   S
         143.94         -48.25          -79.3           1.68        13072.6          71.06         268.89         1985.0            335   D
         135.02         -49.87          -80.5           1.68        13492.6          74.57         256.84         2050.0            316   D
         125.86         -50.48          -80.9           1.69        13952.1          63.51         272.71         2125.0            350   D
         125.06         -50.35          -80.8           1.69        13993.3          63.11         272.39         2132.0            347   S
         118.40         -50.50          -81.0           1.69        14350.8          72.96         261.56         2192.0            359   D
         116.43         -50.31          -83.0           1.19        14460.2          74.32         262.83         2211.0            346   S
          97.09         -51.36          -83.9           1.15        15636.4          61.81         269.87         2413.0            298   D
          87.66         -51.03          -81.7           1.60        16301.2          46.46         241.90         2532.0            -71   S+D
