SIGNIFICANT TEMPERATURE AND HUMIDITY LEVELS
-------------------------------------------
          Press           Temp             DP         RelHum        GPM_AGL         WSpeed          WDirn           Time         Ascent   Type
            hPa             °C             °C              %              m            kts              °              s          m/min
---------------------------------------------------------------------------------------------------------------------------------------
         998.12          -5.90          -20.7          30.00            0.0            5.0            220            0.0              0   T+H
         997.48          -6.25          -16.5          43.99            6.4            0.0            328            2.0             39   H
         997.37          -6.53          -13.6          57.41            6.8            0.0             17            5.0             32   H
         997.32          -6.69           -8.8          84.73            7.8            0.1            161           12.0              5   H
         997.19          -6.93           -9.5          82.13            8.0            0.1            148           33.0             -4   T
         997.04          -5.87           -6.6          94.46            6.5            0.2            107           51.0             12   H
         996.99          -6.38           -8.1          87.25           10.5            0.1            183           60.0             25   T
         997.01          -5.12           -6.8          88.29           17.1            0.2            316           82.0             18   T
         997.05          -6.65           -8.9          84.12           26.7            0.2            266          103.0             21   T
         997.04          -5.50           -7.3          87.33           27.3            0.1            308          117.0            -23   T
         996.97          -7.10           -8.5          89.72            8.6            0.7            240          178.0             30   T
         994.10          -6.18           -7.5          90.32           35.4            3.2            290          197.0            162   T
         991.88          -8.10           -9.9          86.68           55.6            4.2            300          203.0            220   T
         966.54          -8.06           -9.5          89.53          261.4           11.1            331          240.0            361   T
         731.31         -23.92          -25.5          86.77         2355.9           17.9            338          573.0            417   T
         698.10         -22.20          -24.1          84.49         2694.9           20.4            338          623.0            408   T
         621.46         -25.62          -29.3          71.40         3542.2           18.2            348          747.0            433   T+H

SIGNIFICANT WIND SPEED AND DIRECTION LEVELS
-------------------------------------------
          Press           Temp             DP         RelHum        GPM_AGL         WSpeed          WDirn           Time         Ascent   Type
            hPa             °C             °C              %              m            kts              °              s          m/min
---------------------------------------------------------------------------------------------------------------------------------------
         998.12          -5.90          -20.7          30.00            0.0            5.0            220            0.0              0   S+D
         972.62          -8.28           -9.5          91.03          213.4            9.9            327          232.0            362   D
         956.01          -8.67          -10.1          89.61          345.1           12.3            335          254.0            352   D
         883.79         -13.31          -14.6          90.30          946.8           17.3            352          358.0            370   D
         709.83         -22.44          -24.3          84.69         2572.8           20.5            336          605.0            406   D
         621.46         -25.62          -29.3          71.40         3542.2           18.2            348          747.0            433   S+D
