SIGNIFICANT TEMPERATURE AND HUMIDITY LEVELS
-------------------------------------------
          Press           Temp             DP         RelHum        GPM_AGL         WSpeed          WDirn           Time         Ascent   Type
            hPa             °C             °C              %              m            kts              °              s          m/min
---------------------------------------------------------------------------------------------------------------------------------------
         980.96          +4.80           -3.2          56.00            0.0            7.0            270            0.0              0   T+H
         977.26          +2.00           -5.5          57.43           36.8           18.0            285            8.0            294   T
         891.57          -4.92           -8.8          74.32          770.2           24.9            297          146.0            311   H
         886.86          -5.17           -9.3          72.51          811.8           25.6            298          154.0            317   T
         836.19          -5.35          -32.4           9.90         1271.9           37.1            296          237.0            344   H
         773.56          -7.79          -27.2          19.37         1872.9           50.2            284          339.0            358   T
         768.19          -7.14          -36.1           7.93         1926.8           52.4            283          348.0            356   H
         762.97          -6.61          -28.4          15.88         1979.8           54.7            281          357.0            352   T
         736.38          -8.04          -10.9          79.85         2255.9           63.2            279          404.0            362   H
         680.06         -10.26          -13.1          79.36         2869.3           72.9            278          507.0            366   T
         612.37         -15.74          -18.1          81.90         3664.5           79.3            280          632.0            392   T
         570.78         -16.90          -18.1          90.51         4189.9           92.4            283          714.0            398   H
         558.01         -17.36          -18.9          87.53         4359.0           96.6            282          739.0            412   T
         487.89         -23.20          -26.7          72.87         5349.8          102.6            289          888.0            390   T
         482.68         -22.22          -26.7          67.06         5428.2          101.8            288          900.0            395   T
         453.42         -24.27          -31.7          50.45         5880.3           97.0            281          971.0            388   T
         451.82         -24.47          -32.0          50.01         5906.0           96.8            281          975.0            396   H
         417.14         -28.64          -32.9          66.94         6476.4           99.0            278         1067.0            309   H
         358.75         -35.62          -42.8          47.62         7533.7          102.0            277         1229.0            395   H
         330.30         -39.42          -45.0          55.76         8099.9          106.6            271         1314.0            445   T
         230.37         -59.36          -65.4          45.68        10420.3          116.7            277         1682.0            314   T
         216.78         -61.63          -66.6          52.16        10789.5          114.6            279         1757.0            277   H
         189.48         -66.62          -74.0          35.83        11593.7          103.7            275         1920.0            298   T
         180.02         -62.76          -73.9          21.82        11901.1           91.2            277         1982.0            295   T
         169.58         -60.68          -76.9          10.77        12264.0           91.7            272         2057.0            298   H
         165.31         -59.31          -75.7          10.73        12418.2           90.0            276         2087.0            320   T
         133.02         -60.46          -77.3           9.75        13736.2           66.2            285         2347.0            272   T
         124.49         -57.67          -75.8           8.71        14142.3           63.6            288         2437.0            288   T
         117.96         -59.04          -76.9           8.64        14463.5           61.1            287         2503.0            291   T
         105.84         -56.35          -75.8           7.33        15133.5           49.0            293         2640.0            301   T
         101.69         -57.97          -76.3           8.40        15375.7           50.5            288         2690.0            281   T
          90.47         -55.62          -74.9           7.70        16088.4           39.0            285         2827.0            338   T
          77.97         -57.93          -78.9           5.62        16976.6           41.1            271         2995.0              6   T+H

SIGNIFICANT WIND SPEED AND DIRECTION LEVELS
-------------------------------------------
          Press           Temp             DP         RelHum        GPM_AGL         WSpeed          WDirn           Time         Ascent   Type
            hPa             °C             °C              %              m            kts              °              s          m/min
---------------------------------------------------------------------------------------------------------------------------------------
         980.96          +4.80           -3.2          56.00            0.0            7.0            270            0.0              0   S+D
         980.22          +4.21           -3.6          56.87            9.7           17.1            285            1.0            280   D
         977.26          +2.00           -5.5          57.43           36.8           18.0            285            8.0            294   S
         956.36          +0.27           -5.4          65.60          217.5           20.0            292           41.0            347   D
         869.94          -5.41          -16.2          42.43          963.7           31.0            300          182.0            333   D
         736.38          -8.04          -10.9          79.85         2255.9           63.2            279          404.0            362   S
         644.38         -13.22          -15.6          81.97         3279.0           75.9            275          572.0            378   D
         546.84         -18.15          -19.9          86.21         4510.2           98.7            283          761.0            409   S
         496.99         -22.24          -25.8          72.91         5214.2          103.3            290          867.0            386   D
         304.30         -44.43          -49.4          57.91         8647.8          110.7            267         1388.0            407   D
         227.64         -59.53          -65.8          44.66        10493.2          117.3            277         1696.0            311   S
         202.16         -64.39          -72.1          34.65        11205.7          109.1            281         1849.0            304   D
         172.37         -60.96          -76.4          11.99        12166.2           90.2            271         2037.0            293   D
         106.27         -56.61          -76.1           7.30        15108.4           49.4            294         2635.0            302   D
         105.93         -56.35          -75.9           7.24        15128.4           49.0            293         2639.0            301   S
          77.97         -57.93          -78.9           5.62        16976.6           41.1            271         2995.0              6   S+D
