SIGNIFICANT TEMPERATURE AND HUMIDITY LEVELS
-------------------------------------------
          Press           Temp             DP         RelHum        GPM_AGL         WSpeed          WDirn           Time         Ascent   Type
            hPa             °C             °C              %              m            kts              °              s          m/min
---------------------------------------------------------------------------------------------------------------------------------------
         987.47         +14.70           +0.2          37.00            0.0            9.0            220            0.0              0   T+H
         985.10         +11.88           -2.2          37.38           28.6            9.7            219            5.0            355   T
         976.46         +10.35           -1.8          42.61          105.4            9.4            219           18.0            339   T
         927.40          +6.34           -2.8          52.07          526.7           10.9            230           91.0            300   T
         846.26          +2.30           -5.0          58.59         1270.2           23.4            262          244.0            283   T
         845.28          +2.34           -4.8          59.35         1279.4           23.5            263          246.0            282   H
         829.56          +3.13          -14.8          25.52         1430.4           23.0            275          279.0            268   T
         828.65          +3.05          -15.2          24.75         1439.1           22.7            275          281.0            268   H
         791.42          +1.01          -19.4          20.16         1808.6           19.8            271          360.0            293   H
         730.02          -2.96           -6.8          74.89         2448.8           23.3            263          497.0            273   T
         729.61          -2.90           -6.7          74.92         2453.3           23.4            263          498.0            273   H
         660.14          -4.66          -35.8           6.70         3232.5           28.8            274          655.0            280   H
         634.69          -6.35          -36.1           7.46         3540.0           31.9            280          716.0            273   T
         438.54         -27.26          -48.9          11.09         6275.9           54.1            270         1340.0            257   H
         391.05         -33.80          -38.4          63.09         7080.3           63.8            274         1511.0            323   H
         298.02         -49.10          -54.2          55.50         8899.8           81.1            280         1883.0            -50   T+H

SIGNIFICANT WIND SPEED AND DIRECTION LEVELS
-------------------------------------------
          Press           Temp             DP         RelHum        GPM_AGL         WSpeed          WDirn           Time         Ascent   Type
            hPa             °C             °C              %              m            kts              °              s          m/min
---------------------------------------------------------------------------------------------------------------------------------------
         987.47         +14.70           +0.2          37.00            0.0            9.0            220            0.0              0   S+D
         935.60          +7.07           -2.8          49.23          456.8            9.7            222           78.0            347   D
         910.46          +6.36           -5.2          43.38          675.6           12.9            244          124.0            257   D
         823.62          +2.81          -16.6          22.31         1488.3           21.5            276          292.0            269   D
         734.28          -2.64           -6.6          74.11         2403.2           22.7            262          487.0            277   D
         632.51          -6.60          -35.3           8.21         3566.6           32.4            280          722.0            269   D
         543.06         -15.93          -38.4          12.60         4714.4           34.8            276          982.0            272   S
         436.19         -27.56          -49.0          11.32         6314.0           54.0            269         1349.0            256   D
         298.02         -49.10          -54.2          55.50         8899.8           81.1            280         1883.0            -50   S+D
