SIGNIFICANT TEMPERATURE AND HUMIDITY LEVELS
-------------------------------------------
          Press           Temp             DP         RelHum        GPM_AGL         WSpeed          WDirn           Time         Ascent   Type
            hPa             °C             °C              %              m            kts              °              s          m/min
---------------------------------------------------------------------------------------------------------------------------------------
         973.28         +14.10          +13.3          95.00            0.0           11.5            180            0.0              0   T+H
         867.50         +11.05          +11.1         100.00          973.1           36.6            236          194.0            280   T
         804.11          +6.53           +5.8          95.02         1601.8           38.9            252          332.0            290   H
         787.42          +4.11           -1.2          68.12         1774.4           45.3            254          367.0            300   H
         785.02          +3.95           -1.1          69.31         1799.4           46.2            254          372.0            303   T
         737.32          +4.07           -3.9          56.12         2300.5           53.5            249          468.0            292   T
         735.42          +3.89           -4.1          55.86         2319.7           53.3            249          472.0            296   H
         615.84          -8.87          -11.3          82.62         3715.9           50.7            238          713.0            312   T
         576.45         -11.00          -11.6          95.44         4224.8           57.6            245          808.0            325   H
         538.22         -13.51          -15.9          82.24         4746.3           63.4            246          902.0            338   T
         265.74         -50.88          -53.8          71.38         9687.9           92.1            255         1765.0            405   T
         205.02         -62.90          -65.7          69.12        11304.5          115.8            264         2023.0            392   H
         204.57         -63.04          -65.9          68.63        11317.4          116.2            265         2025.0            386   T
         196.85         -62.93          -66.2          65.34        11552.9          123.5            265         2067.0            312   T
         193.59         -61.12          -64.8          62.30        11655.4          126.2            265         2087.0            311   T
         184.90         -62.19          -66.5          56.73        11938.4          130.9            265         2141.0            327   T
         171.02         -60.59          -65.8          50.86        12418.3          115.6            264         2236.0            287   T
         165.92         -58.86          -64.2          50.54        12603.9          107.9            266         2271.0            372   T
         164.59         -56.38          -61.7          51.74        12654.1          105.0            267         2279.0            380   T
         134.51         -62.34          -72.3          25.83        13889.8           84.3            256         2511.0            307   T
         125.19         -61.10          -72.0          23.09        14327.2           79.7            256         2598.0            310   T
         102.84         -62.57          -75.3          17.32        15509.1           70.8            253         2852.0            296   T+H

SIGNIFICANT WIND SPEED AND DIRECTION LEVELS
-------------------------------------------
          Press           Temp             DP         RelHum        GPM_AGL         WSpeed          WDirn           Time         Ascent   Type
            hPa             °C             °C              %              m            kts              °              s          m/min
---------------------------------------------------------------------------------------------------------------------------------------
         973.28         +14.10          +13.3          95.00            0.0           11.5            180            0.0              0   S+D
         929.10         +12.16          +12.2         100.00          400.4           35.0            199           82.0            324   S
         869.45         +11.11          +11.1         100.00          954.3           36.6            235          190.0            281   D
         813.71          +7.12           +6.3          94.66         1503.0           36.6            250          311.0            270   S
         783.11          +4.09           -1.3          68.10         1819.6           46.8            254          376.0            306   D
         747.68          +4.40           -2.8          59.51         2193.1           53.7            250          446.0            301   S
         627.17          -7.59          -10.9          76.97         3575.2           48.0            239          686.0            322   S
         617.52          -8.67          -11.2          81.68         3695.0           50.0            237          709.0            312   D
         434.50         -25.05          -27.6          78.94         6328.9           67.5            248         1179.0            353   S
         382.38         -31.32          -34.1          76.55         7238.0           87.5            252         1347.0            322   S
         274.53         -49.00          -52.0          71.13         9476.5           89.4            253         1733.0            387   S
         187.18         -61.77          -65.9          58.18        11862.8          130.9            265         2127.0            324   S
         160.18         -56.58          -61.9          51.83        12823.2           96.6            269         2306.0            342   D
         144.14         -59.87          -68.2          33.40        13472.7           79.3            265         2431.0            321   S
         102.84         -62.57          -75.3          17.32        15509.1           70.8            253         2852.0            296   S+D
