SIGNIFICANT TEMPERATURE AND HUMIDITY LEVELS
-------------------------------------------
          Press           Temp             DP         RelHum        GPM_AGL         WSpeed          WDirn           Time         Ascent   Type
            hPa             °C             °C              %              m            kts              °              s          m/min
---------------------------------------------------------------------------------------------------------------------------------------
         974.00         +27.20          +19.5          63.00            0.0           22.0            190            0.0              0   T+H
         804.05         +11.26          +10.1          92.30         1620.2           42.4            211          384.0            242   T
         802.89         +11.16          +10.1          92.85         1632.3           42.4            212          387.0            241   H
         769.77          +9.96           +2.6          60.33         1982.3           39.5            211          475.0            226   H
         764.45          +9.57           +5.9          77.82         2040.0           39.0            213          497.0             98   T
         762.59          +9.11           +7.8          91.67         2059.6           39.1            216          512.0             60   T
         762.36          +7.68           +4.8          81.69         2062.3           39.2            216          515.0             58   T
         761.32          +9.45           +9.2          98.50         2072.7           39.0            218          527.0             84   T
         761.18          +9.46           +9.3          98.82         2074.0           39.0            218          528.0             89   H
         757.39          +7.93           +7.1          94.19         2115.3           39.8            219          546.0            159   T
         749.87          +9.17           +9.1          99.65         2198.3           42.2            220          575.0            176   H
         749.61          +9.17           +8.7          97.08         2201.2           42.2            220          576.0            175   T
         746.54          +4.85           -0.3          69.03         2235.0           43.5            220          588.0            172   T
         745.77          +4.81           -1.4          63.95         2243.6           43.9            220          591.0            173   H
         741.00          +3.18           -6.0          51.05         2296.7           45.6            218          609.0            177   T
         731.99          +4.76          -10.3          32.56         2399.1           49.1            216          653.0             94   T
         728.95          +7.93          -16.5          15.77         2434.0           48.2            216          678.0             89   H
         726.10         +10.26           +0.4          50.48         2466.4           47.0            216          698.0            106   T
         724.14         +10.32           +3.3          61.78         2488.4           46.5            216          710.0            115   H
         717.67         +10.90          -10.0          21.97         2561.5           46.5            215          745.0            134   H
         714.05         +10.94           -4.3          33.95         2602.9           46.9            216          763.0            143   T
         708.00         +10.26           -0.2          48.25         2673.4           48.2            216          791.0            160   H
         659.48          +5.24            0.0          68.64         3256.6           54.8            221          996.0            164   T
         644.85          +4.41           -0.3          71.67         3439.2           57.2            222         1061.0            170   H
         574.92          -0.29          -10.1          47.39         4360.9           62.8            215         1405.0            187   H
         540.63          -3.75           -9.9          62.16         4846.7           64.6            215         1557.0            181   T
         537.55          -3.95          -10.1          62.03         4891.4           65.2            215         1572.0            177   H
         501.05          -5.16          -17.3          37.79         5439.1           71.6            214         1775.0            147   T
         500.28          -5.26          -17.7          36.87         5451.3           71.7            214         1780.0            145   H
         424.09         -15.45          -17.0          87.94         6710.9           72.5            223         2186.0            254   H
         421.11         -15.91          -17.6          86.43         6763.5           72.9            223         2199.0            234   T
         388.58         -18.07          -27.6          43.28         7362.5           83.1            220         2436.0            146   H
         377.39         -19.26          -25.8          56.03         7577.1           78.9            220         2518.0            174   T
         351.05         -24.17          -27.9          71.51         8103.7           78.2            216         2666.0            229   T
         349.44         -24.28          -28.0          71.63         8137.1           78.4            216         2675.0            220   H
         336.26         -25.08          -32.4          50.40         8413.0           79.8            216         2757.0            203   H
         333.13         -25.49          -31.9          55.11         8479.9           79.8            216         2777.0            200   T
         266.34         -37.93          -48.3          33.04        10035.2           77.1            223         3307.0            178   T
         244.88         -40.66          -57.1          15.76        10598.0           80.2            221         3481.0            213   H
         235.77         -41.61          -58.4          14.77        10849.5           83.4            225         3555.0            193   T
         186.97         -54.29          -68.9          15.53        12347.6           79.4            230         4032.0            177   T
         153.35         -61.85          -75.3          15.84        13558.9           71.3            232         4426.0            192   T+H

SIGNIFICANT WIND SPEED AND DIRECTION LEVELS
-------------------------------------------
          Press           Temp             DP         RelHum        GPM_AGL         WSpeed          WDirn           Time         Ascent   Type
            hPa             °C             °C              %              m            kts              °              s          m/min
---------------------------------------------------------------------------------------------------------------------------------------
         974.00         +27.20          +19.5          63.00            0.0           22.0            190            0.0              0   S+D
         943.16         +23.84          +15.6          60.08          261.9           27.9            205           52.0            330   D
         884.91         +18.61          +14.1          75.24          810.3           35.4            195          151.0            298   D
         850.86         +15.41          +12.9          85.09         1144.3           34.2            212          239.0            241   D
         754.49          +9.02           +9.0          99.82         2147.5           40.6            221          558.0            170   D
         391.01         -17.80          -27.1          44.11         7317.0           83.2            220         2417.0            143   S
         318.92         -27.95          -35.2          50.13         8789.7           78.4            214         2874.0            184   D
         153.35         -61.85          -75.3          15.84        13558.9           71.3            232         4426.0            192   S+D
