"RAOB6174","MOBILE - KVUM - 41.5N 87.0W  at 18Z 11 Nov 2013",1,38,19
41.3,"N",87,"W",245,0
"AUTO",0,"AUTO",0,0,0,0,0,0,0
989,11.4,5.4
982,7.2,.2
970,6.2,-.8
925,2.6,-1.4
917,2,-1.6
860,.8,-.8
850,.6,-.6
838,.4,-.5
836,.6,-.2
810,2,1.9
806,2,1.9
705,-3.9,-5.1
700,-1.7,-2.7
693,-4.1,-5.3
683,-4.3,-5.7
681,-3.3,-4.9
675,-5.9,-8.7
672,-6.1,-9.3
633,-8.3,-9.6
500,-19.5,-23.3
484,-20.7,-24.2
469,-23.1,-27.4
402,-31.5,-34
400,-31.9,-34.6
396,-32.7,-35.7
380,-33.7,-40.7
370,-33.9,-38.8
360,-35.1,-42.1
358,-35.9,-43.9
300,-46.1,-51
268,-52.1,-56.6
250,-55.3,-60.3
212,-62.5,-67.5
211,-62.7,-67.7
200,-61.5,-67.5
166,-56.3,-65.3
155,-57.1,-67.1
103,-59.9,-68.9
59.8,260,4
364.6,295,17
669.4,325,20
974.2,295,22
1279,285,23
1583.8,255,46
1888.6,255,48
2193.4,260,59
2498.2,265,56
3412.6,270,52
3717.4,270,51
4022.2,270,55
4631.8,280,58
4936.6,235,72
5851,270,71
7375,265,79
8899,275,79
11337.4,158,62
11642.2,40,105
