SIGNIFICANT TEMPERATURE AND HUMIDITY LEVELS
-------------------------------------------
          Press           Temp             DP         RelHum        GPM_AGL         WSpeed          WDirn           Time         Ascent   Type
            hPa             °C             °C              %              m            kts              °              s          m/min
---------------------------------------------------------------------------------------------------------------------------------------
         977.17         +11.50           +9.6          88.00            0.0           15.0              0            0.0              0   T+H
         943.36          +7.75           +7.7          99.79          302.3           19.2            334           50.0            352   T
         890.09          +6.60           +6.6         100.00          776.8           21.2            297          137.0            313   T
         874.52          +8.37           +8.4         100.00          923.4           26.7            262          164.0            334   H
         862.04          +9.17           +4.8          74.06         1043.1           35.3            250          185.0            349   H
         861.44          +9.14           +4.8          74.39         1049.0           35.7            250          186.0            349   T
         847.04         +13.02           +7.8          70.70         1191.0           42.2            250          210.0            364   T
         823.96         +12.75           +5.4          60.84         1420.9           51.8            255          248.0            368   H
         817.95         +12.58           +5.3          61.27         1482.5           54.2            256          258.0            375   T
         673.62          +0.75           -1.9          82.43         3066.8           64.8            260          543.0            331   T
         503.17         -13.61          -15.4          86.23         5339.5           71.4            247          933.0            329   H
         453.96         -18.39          -24.6          58.07         6100.0           71.1            245         1070.0            342   H
         423.88         -22.58          -26.1          72.83         6602.8           71.2            238         1152.0            329   H
         412.08         -23.39          -28.4          63.73         6808.4           68.1            237         1193.0            294   T
         290.57         -44.78          -50.7          51.59         9206.5           66.8            236         1598.0            414   H
         282.60         -46.28          -53.6          43.76         9389.1           71.3            241         1624.0            422   T
         249.85         -48.14          -66.0          11.34        10193.2           76.4            247         1756.0            329   H
         223.24         -49.66          -68.0          10.17        10923.3           73.1            243         1897.0            341   T
         163.05         -61.19          -76.2          12.71        12888.0           60.0            253         2225.0            366   T
         146.03         -62.00          -76.3          13.89        13551.7           76.0            253         2353.0            256   T
         126.96         -58.34          -74.4          11.48        14396.9           78.2            252         2530.0            293   T
         115.45         -60.87          -77.5          10.02        14971.6           65.4            264         2645.0            309   T
         113.17         -59.53          -77.0           9.18        15092.4           60.9            265         2669.0            298   T
         101.97         -61.60          -76.7          12.31        15719.1           48.4            273         2792.0            329   T
          88.35         -66.23          -81.1          11.48        16562.6           38.8            293         2939.0            356   T+H

SIGNIFICANT WIND SPEED AND DIRECTION LEVELS
-------------------------------------------
          Press           Temp             DP         RelHum        GPM_AGL         WSpeed          WDirn           Time         Ascent   Type
            hPa             °C             °C              %              m            kts              °              s          m/min
---------------------------------------------------------------------------------------------------------------------------------------
         977.17         +11.50           +9.6          88.00            0.0           15.0              0            0.0              0   S+D
         976.31         +10.91           +9.0          87.83            5.0           11.8            331            1.0            361   D
         965.50          +9.53           +8.3          92.22          109.4           13.4            337           18.0            368   D
         902.01          +6.81           +6.8         100.00          667.6           22.2            316          116.0            315   D
         874.52          +8.37           +8.4         100.00          923.4           26.7            262          164.0            334   D
         855.53         +10.44           +5.6          72.13         1106.9           38.8            249          196.0            353   D
         811.85         +12.01           +4.8          61.22         1545.7           56.3            257          268.0            381   S
         726.92          +5.43           +0.7          71.57         2452.1           68.4            259          426.0            305   S
         597.40          -5.30           -8.3          79.42         4019.1           68.3            260          705.0            362   D
         321.72         -38.83          -45.0          52.51         8526.8           64.9            231         1482.0            289   D
         307.04         -41.78          -47.9          51.32         8839.9           64.9            232         1541.0            367   S
         264.94         -46.41          -61.9          15.86         9812.4           83.4            252         1689.0            326   D
         264.51         -46.43          -62.0          15.82         9823.1           83.5            252         1691.0            326   S
         224.98         -49.63          -67.7          10.56        10873.4           74.5            243         1888.0            332   D
         171.00         -58.98          -73.0          15.23        12598.5           55.4            250         2176.0            345   S
         155.89         -61.13          -76.2          12.51        13158.8           67.9            258         2272.0            324   D
         140.41         -60.36          -76.5          10.95        13788.3           81.2            253         2411.0            241   S
         133.27         -59.69          -75.9          10.95        14103.9           79.9            247         2477.0            362   D
          88.35         -66.23          -81.1          11.48        16562.6           38.8            293         2939.0            356   S+D
